000156
000411
000559
000607
000631
000906
000909
000925
000963
001211
001225
001270
001335
001336
001358
002010
002019
002095
002115
002133
002135
002214
002236
002244
002247
002266
002276
002284
002364
002415
002418
002430
002444
002479
002488
002493
002508
002534
002552
002570
002637
002712
002761
002767
002801
002849
002860
003017
003030
300020
300025
300033
300068
300113
300133
300144
300145
300203
300244
300250
300266
300270
300277
300306
300347
300360
300435
300451
300478
300512
300550
300553
300558
300571
300582
300604
300643
300645
300649
300652
300669
300695
300698
300710
300743
300746
300766
300768
300772
300792
300795
300813
300853
300897
300930
300945
300994
301009
301052
301055
301066
301068
301073
301077
301092
301095
301096
301119
301157
301203
301218
301237
301316
301335
301390
301507
301556
600023
600032
600120
600126
600283
600460
600477
600570
600571
600576
600596
600633
600671
600704
600763
600776
600797
600814
600865
600926
600927
600986
600987
601108
601177
601599
601878
601916
601921
603004
603040
603049
603071
603075
603093
603129
603171
603173
603186
603238
603258
603271
603277
603289
603298
603300
603316
603373
603505
603506
603551
603556
603558
603602
603605
603618
603687
603806
603816
603823
603867
603901
603926
603931
603948
603980
605003
605009
605011
605056
605060
605158
605166
605303
605358
605377
605566
688006
688023
688032
688039
688075
688079
688088
688092
688109
688130
688141
688255
688270
688288
688290
688365
688379
688449
688475
688571
688581
688583
688606
688611
688616
688623
688701
688717
688767
688777
688789
900941
920130
920227
920249
920270
920395
920924
920974